1951601745
1934401101
1932913941
1932913905
1932913861
1932913467
1932913433
1932913397
1932913270
1932913221
1932912904
=1932912595
1932912414
1932912327
1932912325
1932912323
1932912321
3196472485
2427452000
2427452000
2276464552
1819431751
2233473217
2600208520
1891785850
1776709145
1748118642
2548174582
2191652504
2926424214
2357086250
1865008851
3853842988
2548266102
2926461674
2918102243
3110371485
2927795060
2953053112
2169131920
1784698643
2303521605
2022710740
2604501551
1932914037
1932913401
2760010657
5269816290
5269816290
1144029460
1863327260
2789003061
2652166882
1745145184
3030392635
3316951444
3616482460
1789495421
2055512165
3234206054
1896432097
1451237344
1032855523
2173706213
2692281385
2143359015
1715170375
2656389421
2234094231
1881275672
2161288090
3597672427
3314238955
1793073140
2168539847
1679826934
1401935451
1679103960
2146443255
3229756520
2867863554
2350316507
3201885170
1874996663
2174265022
2825920517
1742764373
1728753665
1649881707
2880387423
1597157547
2008031421
1764037073
2247732673
2103720960
3544862417
3296375071
1967862143
2817831667
1226353654
3271508565
3210748790
2199021913
2689645383
2801804267
2723771530
2173372280
1774541650
1867702414
2854291104
1807357024
2072029821
2250284475
1870311592
2014682222
2606115855
1989430484
1904905001
2320512865
2010310885
1949559417
1941293771
2015372275
1844344234
3383763960
1653613562
2978977092
2661718493
2768036294
1850376345
2237942074
2187966552
2230794622
1877691041
34008020
1809461384
1640807037
1778423885
1795171327
2037554093
1805657091
2646917712
2025162557
1696324873
1706012453
1680744787
2286101382
2937070601
2173627190
1781539852
2242599145
1771109070
1773314472
1973429261
2157136457
3577780774
1837693311
3775157180
3763775550
2941737184
2602532001
3100568455
2762891205
2815994711
2909235207
2191259707
3177385085
3482128444
1570141015
1447044114
1393477857
1652842013
2055546623
1727677312
1732701547
1136620013
2105072310
1848026961
2242728084
2342528023
1775466844
2035224677
2217398625
2677023770
1784593895
1789554424
2190961302
2160105782
1796163413
2014046445
3208651810
2955945001
1636049604
2001781835
1715237597
2946442830
1410142575
2099228495
3169414330
1678017440
1949413463
1458634691
2251136767
1873140524
3496405953
1616050531
3164277042
1748574151
1205133191
1256439361
2701247212
2667769793
1916792724
2921977892
1276183790
1716528177
2991596600
1409295417
2239301480
2691703870
3199154454
2027671343
1925105923
1272399413
1305125802
1410044074
1098200225
1847838763
1646755003
1416753604
2010572105
1301096761
1239637383
1869318143
1086146050
1646322364
1650627704
1684516265
1666397184
1646300090
1658639131
1656247433
1242644724
1863690902
1646344247
1586417074
1646790412
1846354253
1664822514
1219193010
1648471097
1580939397
60384841
1687874871
1748986234
1772902695
1854620387
1646263882
2131839137
1668441824
1831499037
1646616347
1671682752
1616270162
1280320577
1779083707
2079149871
1809689265
1803560005
2671627901
1836065864
3815028444
2529552823
1873814601
1584907765
1763533310
2269374303
2571523702
1823482955
3447991922
1823077437
1646356982
3181311945
2048645455
2862009423
3177302392
1823644345
2627239873
1646520480
1909237715
2676076205
1649716301
1944114463
2804056052
1648588093
1798877655
1869919093
1962704527
2036219052
1793130110
2150091684
3137348684
2141201485
1825580117
2163314203
2199819255
2933160391
2199545745
1992664574
2663392344
1626581282
1732811631
1878683321
2691703904
1060119650
1313404490
1892449307
1790382443
2639472873
1362705172
2231379044
3167757413
1288076913
2428092161
1235231850
2507154540
3002300251
1940449215
3028751255
2556437617
1611594534
1787831411
1947375715
1770466724
1515586215
2484004897
2742556885
2170984711
1509150355
3179380312
2372051941
2411548925
2558716213
2731733594
2252898250
1454461772
2196747023
1191539575
2698382552
3907720820
2083835075
1335920202
3319869683
2551478057
2541609672
1729411440
1298533471
1138697777
2023786584
2381760690
3166556813
3226824002
1796919510
2406620902
1909363243
3453123004
3086560070
2542499897
1688554515
1934246737
3564588873
2286646177
1045233695
1872883924
2103069915
3209839743
1490401040
2694922073
1677292910
1108517904
2910237962
1020171285
1445371872
1674285991
2988136341
3548798251
2420152102
2093580641
2648126562
1964654252
2554201595
2237735235
3117131845
281441095
1842285635
1892583784
2053777275
1057023241
2194161160
1093289764
1075585082
1789820237
2866856314
1909339294
1960342091
2314682051
2239012161
1820479597
1866741333
2300415104
1083372685
2239337090
2866320324
2755018803
1217062072
1798413232
2971676875
2709048780
1240872873
1030312472
2485660182
2477070037
1760373242
1087937625
1069110210
3191504367
2344343431
1734328112
1887161094
2271611332
1249005047
2593839132
2413014764
2349972391
1838270903
2403542762
1974466837
1405608567
1417138973
2609960817
2237753153
1984810814
1400515853
2793645275
2685895833
1228385405
2650081711
2047188037
1762543065
1820205617
2173804774
2164005637
2159290653
2002528940
2659775700
2275583990
2343806065
2257974975
2625584857
2316632137
1652788050
1838258174
1639646377
2662515871
1862789547
1821870413
1903951291
1774352351
1792508097
1084960867
1778662890
2496493781
1919951993
1964619957
1731576191
1508318773
2746454941
1575869751
2045047877
1769416171
1319936022
2522654865
2571494540
2288595114
2659207212
1818771690
1744729263
1902469682
1921426932
1913359465
2425331572
2510834710
1819638285
1826628952
1896318274
2673878363
2518689117
1854864323
2497945044
1738962960
2491946182
1046224380
2686835293
1157758974
1666409241
1183135190
1455005382
2116183800
1684604012
1602446153
2505876392
1221787782
3148176272
2248523445
1405173615
1594826071
1260849850
1343235431
1866094673
1457507367
1805641165
1657808233
2446296484
1903452862
2977965420
3568313714
1218050642
2248187927
2126521723
1916806525
2796561791
1891532242
3592032752
3514836357
1884300684
1749261823
1269835152
2155716052
2458432323
2633974572
1729408695
2023372995
2061510035
2835987723
2511349143
2303107880
3022463521
2166910337
2691529414
1665148312
1706042782
3635616963
2349402733
