2345972450
2720481191
2166415265
1309427795
1835288025
1804414737
1935700591
2255748990
2873915305
2127984487
2359624485
1938603487
1938054193
2814260223
1862530410
2616515363
2620614263
3221039183
1896587297
5239756718
2074830294
2462386934
2840617162
2904113164
2728668784
2293289505
2720448413
3461735182
1989686167
2344872755
2520054474
2299176004
3230041740
2710043162
5040339611
2916339483
1680927057
2900548695
1943317820
2547109573
1578225590
2043781774
2898048934
2550239354
2322771372
2831647414
1659550352
1158850047
3446172250
1648087880
2887503410
2823975872
2088285037
2778524872
2661923947
2605108891
2356448790
3674051932
5121497089
2460382414
2639073497
